--01地址
42H 
[发送]7E 32 30 30 31 36 30 34 32 30 30 30 30 46 44 42 31 0D [接收]7E 32 30 30 31 36 30 30 30 39 30 33 34 30 30 20 20 20 20 20 20 20 20 20 20 20 20 20 20 20 20 20 20 20 20 20 20 20 20 20 20 20 20 30 37 30 46 20 20 20 20 20 20 20 20 20 20 20 20 20 20 20 20 30 30 46 36 38 41 0D 

43H
[发送]7E 32 30 30 31 36 30 34 33 30 30 30 30 46 44 42 30 0D  
[接收]7E 32 30 30 31 36 30 30 30 37 30 31 38 30 30 30 31 30 39 30 30 30 30 30 31 30 31 30 30 30 30 30 30 30 30 30 32 46 39 31 39 0D 

44H
[发送]7E 32 30 30 31 36 30 34 34 30 30 30 30 46 44 41 46 0D  
[接收]7E 32 30 30 31 36 30 30 30 33 30 31 43 30 30 20 20 20 20 20 20 20 20 20 20 20 20 30 32 20 20 20 20 20 20 20 20 30 31 30 30 46 39 39 44 0D 

47H
[发送]7E 32 30 30 31 36 30 34 37 30 30 30 30 46 44 41 43 0D  [接收]7E 32 30 30 31 36 30 30 30 35 30 31 41 30 30 30 30 30 30 30 30 30 30 30 30 30 30 30 30 30 30 30 30 30 30 30 30 30 30 46 38 43 30 0D 

4FH
[发送]7E 32 30 30 31 36 30 34 46 30 30 30 30 46 44 39 44 0D  
[接收]7E 32 30 30 31 36 30 30 30 30 30 30 30 46 44 42 37 0D 


--02地址
42H 
[发送]7E 32 30 30 32 36 30 34 32 30 30 30 30 46 44 42 30 0D  [接收]7E 32 30 30 32 36 30 30 30 39 30 33 34 30 30 20 20 20 20 20 20 20 20 20 20 20 20 20 20 20 20 20 20 20 20 20 20 20 20 20 20 20 20 30 30 30 30 20 20 20 20 20 20 20 20 20 20 20 20 20 20 20 20 30 30 46 36 41 36 0D 

43H
[发送]7E 32 30 30 32 36 30 34 33 30 30 30 30 46 44 41 46 0D  
[接收]7E 32 30 30 32 36 30 30 30 37 30 31 38 30 30 30 30 30 39 30 30 30 30 30 30 30 30 30 30 30 30 30 30 30 30 30 30 46 39 31 44 0D 

44H
[发送]7E 32 30 30 32 36 30 34 34 30 30 30 30 46 44 41 45 0D 
[接收]7E 32 30 30 32 36 30 30 30 33 30 31 43 30 30 20 20 20 20 20 20 20 20 20 20 20 20 30 30 20 20 20 20 20 20 20 20 30 31 30 30 46 39 39 45 0D
 
47H
[发送]7E 32 30 30 32 36 30 34 37 30 30 30 30 46 44 41 42 0D [接收]7E 32 30 30 32 36 30 30 30 35 30 31 41 30 30 30 30 30 30 30 30 30 30 30 30 30 30 30 30 30 30 30 30 30 30 30 30 30 30 46 38 42 46 0D 

--03地址
42H 
[发送]7E 32 30 30 33 36 30 34 32 30 30 30 30 46 44 41 46 0D  
[接收]7E 32 30 30 33 36 30 30 30 39 30 33 34 30 30 20 20 20 20 20 20 20 20 20 20 20 20 20 20 20 20 20 20 20 20 20 20 20 20 20 20 20 20 30 30 30 30 20 20 20 20 20 20 20 20 20 20 20 20 20 20 20 20 30 30 46 36 41 35 0D 

43H
[发送]7E 32 30 30 33 36 30 34 33 30 30 30 30 46 44 41 45 0D [接收]7E 32 30 30 33 36 30 30 30 37 30 31 38 30 30 30 30 30 39 30 30 30 30 30 30 30 30 30 30 30 30 30 30 30 30 30 30 46 39 31 43 0D 

44H
[发送]7E 32 30 30 33 36 30 34 34 30 30 30 30 46 44 41 44 0D [接收]7E 32 30 30 33 36 30 30 30 33 30 31 43 30 30 20 20 20 20 20 20 20 20 20 20 20 20 30 30 20 20 20 20 20 20 20 20 30 31 30 30 46 39 39 44 0D 

47H
[发送]7E 32 30 30 33 36 30 34 37 30 30 30 30 46 44 41 41 0D 
[接收]7E 32 30 30 33 36 30 30 30 35 30 31 41 30 30 30 30 30 30 30 30 30 30 30 30 30 30 30 30 30 30 30 30 30 30 30 30 30 30 46 38 42 45 0D

